13412.55
13391.36
13435.21
13384.29
13328.85
13390.51
13471.22
13488.43
13507.32
13534.89
13511.23
13596.02
13649.70
13712.21
13779.33
13825.33
13895.98
13881.93
13954.42
13910.42
13860.58
14009.79
13880.08
13979.30
13986.52
13944.05
13992.97
13971.24
14018.70
13982.91
13973.39
13981.76
14035.67
13927.54
13880.62
14000.57
13784.17
13900.13
14075.37
14054.49
14089.66
14127.82
14253.77
14296.24
14329.49
14397.07
14447.29
14450.06
14455.28
14539.14
14514.11
14452.06
14455.82
14511.73
14421.49
14512.03
14447.75
14559.65
14526.16
14578.54
14572.85
14662.01
14550.35
14606.11
14565.25
14613.48
14673.46
14802.24
14865.14
14865.06
14599.20
14756.78
14618.59
14537.14
14547.51
14567.17
14719.46
14676.30
14700.80
14712.55
14818.75
14839.80
14700.95
14831.58
14973.96
14968.89
15056.20
15105.12
15082.62
15118.49
15091.68
15215.25
15275.69
15233.22
15354.40
15335.28
15387.58
15307.17
15294.50
15303.10
15409.39
15302.80
15324.53
15115.57
15254.03
15177.54
14960.59
15040.62
15248.12
15238.59
15122.02
14995.23
15176.08
15070.18
15179.85
15318.23
15112.19
14758.32
14799.40
14659.56
14760.31
14910.14
15024.49
14909.60
14974.96
14932.41
14988.55
15135.84
15224.69
15300.34
15291.66
15460.92
15464.30
15484.26
15451.85
15470.52
15548.54
15543.74
15545.55
15567.74
15542.24
15555.61
15558.83
15521.97
15520.59
15499.54
15628.02
15658.36
15612.13
15518.74
15470.67
15498.32
15425.51
15419.68
15451.01
15337.66
15112.19
15081.47
15010.74
15002.99
14897.55
14963.74
15010.51
14946.46
14776.13
14824.51
14840.95
14810.31
14833.96
14930.87
14937.48
14922.50
15063.12
15191.06
15326.60
15300.64
15376.06
15494.78
15529.73
15676.94
15636.55
15451.09
15401.38
15334.59
15273.26
15328.30
15258.24
15129.67
15191.70
15133.14
14996.48
15072.58
